4886 14441 15553 13230 9725 429 683 3644 3896 8786
7472 846 19399 3159 5544 17073 4881 8552 9174 16720
17415 1854 1961 3156 3469 8552 10566 16720 18567 15964
11072 19557 1848 17499 6942 17137 353 7577 1545 14468
2853 7104 18609 11863 17629 5123 3550 4861 8959 9492
230 13030 1769 15474 3836 7472 13404 13833 1879 1482
13769 14175 14402 16361 17141 7061 7063 7577 7952 8552
16506 17034 19792 5277 8430 9774 14372 19065 11076 1890
846 7061 216 11072 1482 8138 8324 8381 17924 62
7033 6140 13833 15505 8138 15586 16799 4351 4548 5353
14411 15187 19394 18157 1872 12489 15505 18348 888 2295
846 10114 19925 1005 11581 608 6665 7076 8523 13295
4212 1001 3550 10713 19260 19399 1302 1890 7344 16418
353 19557 4087 179 2316 3515 8803 11263 1130 11608
12936 2351 2313 2629 8425 15505 16720 17326 19028 19260
7472 846 19399 3159 5544 17073 4881 8552 9174 16720
11072 230 382 5171 6588 12051 15543 15708 637 9007
13404 6798 5453 4776 13022 14045 17387 531 12050 13030
7033 6140 13833 15505 8138 15586 16799 4351 4548 5353
6798 9236 13117 14411 15708 7470 8910 14175 14321 382
452 4351 15708 19977 3009 10839 846 6472 13404 14737
12656 8948 12012 19394 17296 19757 14370 19645 179 216
12936 2351 2313 2629 8425 15505 16720 17326 19028 19260
17415 1854 1961 3156 3469 8552 10566 16720 18567 15964
4351 13117 1645 3631 4515 18131 13278 353 560 1070
8552 17629 923 10713 12235 12967 14411 14788 15151 19793
7063 1946 14712 2351 2724 5496 10966 11418 13769 17137
5123 1070 16418 2735 2853 10114 10565 11219 15297 15563
8552 17629 923 10713 12235 12967 14411 14788 15151 19793
12656 8948 12012 19394 17296 19757 14370 19645 179 216
1001 2629 7472 1848 4351 8803 9319 10699 12051 12138
7033 6140 13833 15505 8138 15586 16799 4351 4548 5353
19260 3437 15187 4351 6588 414 3221 8601 1188 4750
5453 12928 1302 1474 4351 6769 9319 10289 11684 11947
304 10936 7577 179 1463 3211 3550 4046 4193 4351
7061 12489 4351 11072 14088 16125 1781 2381 6059 12702
2649 7076 19301 6766 11032 17393 18025 2261 18140 18327
5669 11418 17568 7063 17415 18601 4585 14712 2066 3159
16506 17034 19792 5277 8430 9774 14372 19065 11076 1890
6688 12489 13906 15551 1692 1918 3631 7420 11598 18131
5123 1070 16418 2735 2853 10114 10565 11219 15297 15563
1872 3149 19652 4750 10713 15553 6315 10831 230 8681
353 1104 16329 1005 2351 3266 4753 6766 7153 8381
5453 12928 1302 1474 4351 6769 9319 10289 11684 11947
12656 8948 12012 19394 17296 19757 14370 19645 179 216
1001 2629 7472 1848 4351 8803 9319 10699 12051 12138
14411 5134 758 6305 7063 10196 17415 17629 19557 9855
8381 7404 2635 5123 16579 18025 10483 353 887 963
14411 846 8552 13117 531 3409 5085 15559 7061 11863
17629 9986 1657 10713 11072 12070 1482 2192 2635 9377
17537 1514 6588 6851 8095 11882 18140 18427 10567 14696
13759 1671 2455 11368 12989 1461 2138 2449 14497 17141
5042 7694 17909 11778 19613 4129 8910 9699 1001 6472
2649 4145 6140 6305 7344 8948 10939 11219 321 963
4212 1001 3550 10713 19260 19399 1302 1890 7344 16418
14088 18809 62 6798 7063 1890 3002 4351 5544 7588
6798 9236 13117 14411 15708 7470 8910 14175 14321 382
17537 1514 6588 6851 8095 11882 18140 18427 10567 14696
4351 17652 7420 1620 16480 8552 2381 10917 11418 13592
13769 14175 14402 16361 17141 7061 7063 7577 7952 8552
17537 1514 6588 6851 8095 11882 18140 18427 10567 14696
4351 13117 1645 3631 4515 18131 13278 353 560 1070
1872 3149 19652 4750 10713 15553 6315 10831 230 8681
12656 8948 12012 19394 17296 19757 14370 19645 179 216
1491 9569 19824 1812 17534 62 6156 7472 9207 15822
7033 6140 13833 15505 8138 15586 16799 4351 4548 5353
11148 12528 19557 19832 13088 5588 6156 7035 13404 15110
4483 8706 8982 1042 2192 2635 4403 8818 12522 14175
16267 1130 1848 1961 10612 4753 6091 9774 10786 11107
16267 1130 1848 1961 10612 4753 6091 9774 10786 11107
18809 3631 7104 62 1872 3644 7535 9726 16418 16720
4351 13117 1645 3631 4515 18131 13278 353 560 1070
2649 7076 19301 6766 11032 17393 18025 2261 18140 18327
452 4351 15708 19977 3009 10839 846 6472 13404 14737
4351 16994 7535 11863 12051 12989 14402 17963 541 1159
6798 9236 13117 14411 15708 7470 8910 14175 14321 382
11058 14454 9174 8552 9458 11148 11863 2118 4289 11598
304 10936 7577 179 1463 3211 3550 4046 4193 4351
3309 15474 19712 2635 6628 9023 15132 17957 19241 2754
6688 12489 13906 15551 1692 1918 3631 7420 11598 18131
4351 7577 15474 16367 6170 11527 19633 5453 353 846
6108 14411 19531 2190 4194 6305 6798 7063 11148 12489
11058 14454 9174 8552 9458 11148 11863 2118 4289 11598
17629 9986 1657 10713 11072 12070 1482 2192 2635 9377
1491 9569 19824 1812 17534 62 6156 7472 9207 15822
3409 4776 7134 5844 14402 19645 382 4212 6305 7061
5453 12928 1302 1474 4351 6769 9319 10289 11684 11947
230 13030 1769 15474 3836 7472 13404 13833 1879 1482
4483 8706 8982 1042 2192 2635 4403 8818 12522 14175
12656 8948 12012 19394 17296 19757 14370 19645 179 216
4351 7577 15474 16367 6170 11527 19633 5453 353 846
304 10936 7577 179 1463 3211 3550 4046 4193 4351
353 1104 16329 1005 2351 3266 4753 6766 7153 8381
5453 12928 1302 1474 4351 6769 9319 10289 11684 11947
11072 230 382 5171 6588 12051 15543 15708 637 9007
14411 5686 7535 13295 16267 6766 9200 4637 11882 17909
4351 18427 6170 10713 19260 6990 11527 19305 4212 4428
13404 19908 2009 2316 3515 6140 6851 9236 15708 321
7063 1946 14712 2351 2724 5496 10966 11418 13769 17137
7577 11947 14683 179 304 3309 3515 4676 6019 7858
